rgb;cdm2;db;visualscale
11;0.052;52.1315321632893;1
15;0.0793333333333333;53.9660557503098;2
16;0.0986666666666667;54.9132032903341;3
17;0.114;55.5405472403061;4
18;0.168666666666667;57.2417913481427;5
19;0.212666666666667;58.2484929669563;6
20;0.284666666666667;59.5148648866348;7
21;0.316666666666667;59.9775222326332;8
22;0.361333333333333;60.5505790017684;9
24;0.475333333333333;61.7414814349032;10
26;0.604;62.7818681131527;11
27;0.671333333333333;63.2408808419207;12
29;0.856;64.2962363737129;13
31;1.03866666666667;65.13626066975;14
33;1.23266666666667;65.8799552479763;15
35;1.476;66.6623623018116;16
37;1.78066666666667;67.4773250165983;17
39;2.02266666666667;68.0307419008916;18
41;2.29133333333333;68.5723814577568;19
43;2.67733333333333;69.2485231777542;20
46;3.226;70.0581423574708;21
49;3.68666666666667;70.6378374494315;22
52;4.30133333333333;71.3075297235538;23
55;4.94466666666667;71.9128689265025;24
58;5.752;72.5696875006896;25
61;6.53933333333333;73.1268334817246;26
65;7.472;73.7058673591617;27
69;8.39266666666667;74.2104984718314;28
73;9.58733333333333;74.788476999205;29
78;11.084;75.4184638980433;30
83;12.7333333333333;76.0209198088618;31
88;14.4;76.5551236478938;32
94;16.762;77.2147570901362;33
100;18.9126666666667;77.7390264093462;34
106;21.0753333333333;78.2092432496754;35
112;23.9186666666667;78.7588683917068;36
118;26.878;79.265468222962;37
125;30.852;79.8643319538462;38
133;34.9713333333333;80.4086206343261;39
142;39.2746666666667;80.9126238046237;40
152;44.5433333333333;81.4593258638239;41
161;50.1413333333333;81.9734575101219;42
171;56.956;82.5268935404402;43
180;63.9353333333333;83.0289080645111;44
191;71.732;83.5286281250566;45
203;80.916;84.051842784184;46
216;91.74;84.597086084901;47
228;102.88;85.0948082827428;48
242;116.12;85.6205689985377;49
